0;0;0>[0.49539502495000004, 0.49005, 0.49005, 0.4707400747005]
0;4;4>[0.505, 0.5, 0.495, 0.5]
1;4;5>[0.5, 0.5, 0.5, 0.5]
1;5;6>[0.5, 0.5, 0.5, 0.5]
1;6;7>[0.5, 0.5, 0.5, 0.5]
1;7;8>[0.5, 0.5, 0.5, 0.5]
0;5;5>[0.5148505, 0.50995, 0.5, 0.505]
0;6;6>[0.5, 0.5, 0.5, 0.5]
4;18;22>[0.5, 0.5, 0.5, 0.5]
5;21;26>[0.50995, 0.50995, 0.5, 0.519701995]
0;8;8>[0.505, 0.5, 0.5, 0.505]
0;10;10>[0.5, 0.5, 0.5, 0.5]
2;12;14>[0.5, 0.5, 0.505, 0.5]
2;14;16>[0.5, 0.5, 0.5, 0.5]
4;20;24>[0.5, 0.5, 0.5, 0.5]
3;11;14>[0.5, 0.5, 0.5, 0.5]
3;12;15>[0.5, 0.5, 0.5, 0.5]
3;13;16>[0.5, 0.5, 0.5, 0.5]
1;12;13>[0.5, 0.5, 0.5, 0.5]
2;13;15>[0.5, 0.5, 0.5, 0.5]
